epoch:0 0.4564  0.7586  0.4822  0.1302  0.3395  0.5445  0.3881  0.5726  0.5903  0.2378  0.5022  0.6571  5.5244  0.001
epoch:1 0.5583  0.8075  0.6282  0.1879  0.4394  0.6444  0.4537  0.6579  0.6728  0.3271  0.5734  0.7375  5.3312  0.000997
epoch:2 0.5482  0.8066  0.6203  0.1951  0.4387  0.6333  0.4445  0.6489  0.6633  0.3471  0.5761  0.7266  4.9581  0.000989
epoch:3 0.5647  0.8056  0.6355  0.2016  0.4492  0.655  0.4585  0.6662  0.6816  0.3455  0.5828  0.7486  4.8259  0.000976
epoch:4 0.5623  0.8031  0.6269  0.1884  0.4406  0.6518  0.4592  0.6626  0.6767  0.3188  0.5728  0.7445  4.7891  0.000957
epoch:5 0.5593  0.8039  0.6289  0.1974  0.444  0.6444  0.4551  0.6635  0.6785  0.3438  0.5756  0.7439  4.7018  0.000934
epoch:6 0.5739  0.8076  0.6438  0.1912  0.4555  0.661  0.4616  0.6701  0.6859  0.3511  0.5874  0.75  4.6197  0.000905
epoch:7 0.5686  0.8098  0.6442  0.2047  0.4494  0.6546  0.4596  0.6646  0.6789  0.336  0.5767  0.7459  4.5558  0.000873
epoch:8 0.5638  0.8058  0.6371  0.2081  0.446  0.6497  0.4551  0.6608  0.6742  0.3456  0.5718  0.7423  4.4863  0.000836
epoch:9 0.5644  0.8018  0.6352  0.1915  0.4475  0.6511  0.4531  0.6576  0.6718  0.3339  0.5719  0.7385  4.4769  0.000796
epoch:10 0.5647  0.8009  0.6337  0.1947  0.4473  0.6506  0.4564  0.6641  0.6781  0.335  0.5779  0.7442  4.4491  0.000752
epoch:11 0.5581  0.8027  0.6234  0.1971  0.4374  0.6461  0.4512  0.6549  0.6689  0.3446  0.5668  0.733  4.3788  0.000706
epoch:12 0.5717  0.8049  0.6374  0.2032  0.4473  0.6582  0.4609  0.665  0.6792  0.3474  0.5722  0.7443  4.319  0.000658
epoch:13 0.5744  0.8064  0.6418  0.2004  0.4507  0.6618  0.4604  0.6666  0.6801  0.3345  0.5741  0.7482  4.2644  0.000608
epoch:14 0.574  0.8001  0.635  0.2026  0.4506  0.6636  0.4626  0.6685  0.682  0.3431  0.5782  0.7502  4.2584  0.000557
epoch:15 0.5713  0.8021  0.632  0.2114  0.4496  0.6634  0.4623  0.6706  0.6834  0.3621  0.5787  0.7509  4.1394  0.000505
epoch:16 0.5816  0.8081  0.6418  0.2144  0.4565  0.6708  0.4679  0.6752  0.6881  0.3503  0.5817  0.7561  4.1123  0.000453
epoch:17 0.577  0.8051  0.6421  0.2151  0.4523  0.6662  0.4644  0.67  0.6832  0.3551  0.5824  0.7488  4.0831  0.000402
epoch:18 0.5842  0.8051  0.6438  0.2171  0.4564  0.6738  0.4697  0.6777  0.6911  0.3572  0.5818  0.7603  4.0803  0.000352
epoch:19 0.5861  0.8055  0.6473  0.2161  0.4557  0.677  0.4701  0.6773  0.6905  0.3508  0.5786  0.7599  4.0531  0.000304
epoch:20 0.5882  0.8079  0.6484  0.2159  0.4563  0.6796  0.4739  0.68  0.6934  0.3574  0.5799  0.7645  4.0023  0.000258
epoch:21 0.5875  0.8062  0.6448  0.2092  0.4581  0.6794  0.4722  0.6785  0.6911  0.3467  0.5799  0.7625  3.9433  0.000214
epoch:22 0.5887  0.8043  0.6474  0.2193  0.463  0.68  0.4741  0.6814  0.6948  0.3602  0.5852  0.7628  3.9459  0.000174
epoch:23 0.5889  0.8051  0.6475  0.2203  0.461  0.6796  0.4746  0.6804  0.6936  0.3661  0.5831  0.763  3.9112  0.000137
epoch:24 0.5909  0.8063  0.6488  0.2175  0.4619  0.6822  0.475  0.6811  0.6944  0.3649  0.5817  0.7643  3.933  0.000105
epoch:25 0.5911  0.8067  0.6496  0.2211  0.4611  0.6834  0.4751  0.6821  0.6952  0.3625  0.5825  0.7651  3.8531  7.6e-05
epoch:26 0.5914  0.8052  0.65  0.2169  0.4614  0.6845  0.4747  0.6822  0.6958  0.3647  0.5834  0.7659  3.8685  5.3e-05
epoch:27 0.591  0.8073  0.6505  0.2138  0.4607  0.6841  0.4741  0.6818  0.695  0.3616  0.5821  0.7655  3.8505  3.4e-05
epoch:28 0.5909  0.8056  0.6496  0.2134  0.4579  0.6837  0.4751  0.6815  0.6949  0.3522  0.5814  0.7655  3.8214  2.1e-05
epoch:29 0.5913  0.8072  0.6494  0.2186  0.459  0.684  0.4751  0.6826  0.6953  0.3689  0.582  0.7646  3.8485  1.3e-05
